Tomato Pasta (Chicken)
3 0 1300 1400 0000 0000 11010 010001000
Tomato Pasta (Tuna)
3 1 0000 1400 0000 0000 11010 010001000
Creamy Pasta Bake
2 0 1200 1300 0000 0000 10100 010010000
Spaghetti Carbonara
2 0 1200 1300 0000 0000 00100 110000000
Creamy Pasta Salad
3 1 0000 1400 0000 0000 01001 001100000
Garlic Pasta
3 0 1300 1400 0000 0000 11100 000000000
Chicken Korma
3 0 1300 0000 1350 0000 11000 000000100
Pilaf
3 0 1300 0000 1350 0000 10100 000000000
Egg Fried Rice
3 0 1300 0000 1350 0000 11000 100000000
Salmon Noodles
2 1 0000 0000 0000 1300 11000 000000011

